5.4431,-0.68953,-1.599,1
5.1701,-1.5648,-1.6002,1
4.7455,-1.0983,-1.9154,1
4.898,-1.0448,-1.6602,1
5.0348,-0.67621,-1.9196,2
4.9928,-0.58026,-2.0114,2
5.4454,-0.89322,-1.8168,2
4.9782,-0.5257,-1.9246,2
4.9338,-0.81013,-2.0106,2
5.0757,-0.7773,-1.8699,2
5.0484,-0.74556,-1.8007,2
4.9339,-0.40891,-1.7822,2
4.3379,-0.3509,-2.0616,2
5.1035,-1.0562,-1.8933,2
5.0484,-0.82443,-1.9181,2
5.0257,-0.7944,-1.9595,2
4.8327,-0.34273,-2.0773,2
4.8879,-0.37793,-2.0794,2
4.7091,-0.35485,-2.1643,2
4.8095,-0.48368,-2.1261,2
4.8408,-0.46504,-2.2077,2
4.8058,-0.26442,-2.1865,2
4.8657,-0.51729,-2.1344,2
5.1504,-0.61688,-2.0441,3
4.9513,-0.5355,-2.0981,2
5.0284,-0.55235,-2.0237,2
4.2848,-0.11327,-2.314,2
4.4359,-0.20951,-2.1459,2
4.0998,0.049139,-2.2791,2
5.3051,-0.56499,-1.9754,1
5.2603,-0.6761,-1.4869,1
4.7006,-0.83778,-1.7937,1
4.5984,-0.71242,-1.9778,1
5.2869,-1.4485,-2.0493,1
5.0888,-1.4259,-1.8307,1
5.1985,-1.0862,-2.04,1
5.4478,-1.014,-1.9317,1
5.3554,-1.1516,-1.9065,1
4.7352,-1.3972,-1.9356,1
4.7544,-0.98165,-1.8506,1
4.9787,-0.34338,-1.8428,2
5.0431,-0.3486,-1.8442,2
5.1588,-0.38676,-1.8144,2
5.1822,-0.27239,-1.7319,2
5.1632,-0.53184,-2.0503,2
5.17,-0.51416,-2.0271,2
4.5647,-0.20474,-2.0432,2
5.1625,-0.69318,-2.0801,2
5.154,-0.87545,-2.117,2
4.9953,-0.61522,-2.143,2
5.0182,-0.97398,-2.1853,2
5.247,-1.243,-2.1631,3
5.296,-0.95449,-1.9937,3
5.2273,-1.0672,-2.1321,3
5.1912,-1.2843,-2.2413,3
5.1278,-1.1865,-2.1986,3
5.3523,-0.99268,-2.0314,3
5.24,-0.64046,-1.3972,1
5.243,-0.41267,-1.3802,1
4.7791,-0.55253,-1.7821,1
4.8801,-0.65051,-1.6994,1
5.3469,-0.32078,-1.6403,2
5.1567,-0.36173,-1.7392,2
5.1381,-0.32673,-1.4945,2
5.0892,-0.33199,-1.5432,2
5.3412,-0.46526,-1.767,2
5.3765,-0.42142,-1.7703,2
5.2395,-0.35908,-1.7688,2
5.2134,-0.28244,-1.8029,2
5.2021,-0.37031,-1.7538,2
5.3072,-0.2557,-1.6385,2
5.3736,-0.24359,-1.5227,2
4.6204,-0.38459,-1.5854,2
5.2377,-0.79486,-1.8607,1
5.188,-0.71684,-1.8026,1
5.1807,-0.77086,-1.5782,1
5.107,-0.61364,-1.939,1
5.2876,-0.98821,-1.9218,1
4.7879,-0.80959,-1.7624,1
4.8287,-0.76053,-1.7902,1
5.1101,-0.29536,-1.8942,2
5.3711,-0.28118,-1.6205,2
5.2301,-0.43495,-1.841,2
5.2922,-0.41357,-1.8404,2
5.0584,-1.0427,-2.1065,2
5.0122,-0.69019,-1.9998,2
5.0769,-0.69496,-2.0586,2
5.0322,-0.45245,-1.9164,2
5.1824,-0.3997,-1.9208,2
5.0737,-0.62982,-1.9942,2
4.4348,-0.43653,-2.1461,2
4.4687,-0.5227,-1.8347,1
4.4146,-1.2672,-2.0478,1
4.4799,-1.559,-1.9355,1
4.6495,-1.8111,-1.8927,1
4.5107,-1.5542,-1.9678,1
4.511,-0.35315,-2.2595,1
4.3681,-0.19077,-2.2103,1
4.2945,-0.25736,-1.682,2
4.3015,-0.2539,-1.5973,2
4.2451,-0.24059,-1.5952,2
4.256,-0.19246,-1.5954,2
4.0347,-0.089113,-1.8597,2
3.9961,-0.06366,-1.6527,2
3.9098,0.048092,-1.822,2
3.8604,0.19713,-1.8545,2
3.814,0.041411,-1.7314,2
4.216,-0.19145,-1.8589,2
3.8605,0.10212,-1.7852,2
4.1654,-0.2828,-1.6748,2
4.2057,0.099652,-2.0121,2
4.3553,-0.32746,-1.5442,2
4.3803,-0.28716,-1.4052,2
5.1425,-0.59208,-1.4261,1
5.2779,-0.61069,-1.293,1
5.2275,-0.25095,-1.5308,2
5.0597,-0.18887,-1.699,2
5.1505,-0.18039,-1.7187,2
5.1231,-0.27075,-1.728,2
4.9859,-0.22477,-1.7797,2
5.1406,-0.25586,-1.6711,2
4.5597,-0.60605,-1.8671,2
5.2907,-1.1767,-2.0116,1
5.1476,-1.1626,-2.0809,1
5.1884,-1.2081,-2.0859,1
5.234,-1.2753,-2.1114,1
4.5766,-1.2121,-1.9783,1
4.4877,-1.1309,-2.0684,1
5.048,-0.21738,-1.7661,2
5.0088,-0.24009,-1.7592,2
4.981,-0.39251,-1.8523,2
4.8645,-0.37182,-1.8718,2
5.0806,-0.45173,-1.6988,2
5.0272,-0.50058,-1.6711,2
4.8328,-0.31948,-1.8593,2
5.4459,-0.2438,-1.4699,2
4.5003,-0.37533,-1.8505,2
5.1147,-1.0334,-2.0713,1
5.3195,-1.1975,-2.031,1
5.1136,-0.71565,-2.0374,1
5.0541,-1.2061,-2.0074,1
5.1687,-0.8698,-2.0448,1
4.6547,-1.0691,-2.038,1
4.2552,-0.48206,-2.2094,1
5.0907,-0.38452,-1.9765,2
5.0134,-0.27622,-1.8896,2
5.0391,-0.19797,-1.8324,2
5.1442,-0.39245,-1.8213,2
5.0855,-0.52267,-1.8915,2
5.1669,-0.4518,-1.8424,2
5.1058,-0.35356,-1.8301,2
5.0115,-0.36875,-1.9125,2
4.9712,-0.11651,-1.8809,2
5.0359,-0.28256,-1.9144,2
4.9866,-0.23359,-1.9492,2
4.2723,-0.14815,-2.2035,2
4.3673,-0.30338,-2.1131,2
4.9195,-0.16958,-1.787,3
5.2623,-0.57161,-1.7332,3
4.9066,-0.25383,-1.9214,3
5.0232,-0.31815,-1.7916,3
5.1313,-0.24372,-1.7661,3
5.1367,-0.51467,-1.7322,3
5.0444,-0.42518,-1.7976,3
4.8757,-0.26711,-1.8203,3
4.8647,-0.17302,-1.7483,3
4.7814,-0.16318,-1.8045,3
5.2142,-0.40511,-1.7488,2
5.1015,-0.54044,-1.8627,3
4.968,-0.60897,-1.9092,3
5.248,-1.2932,-1.9449,1
5.2728,-0.87592,-2.087,1
5.1315,-1.0625,-2.0907,1
5.2682,-0.95157,-1.9109,1
5.3684,-0.69822,-1.8492,3
5.3438,-0.74513,-1.7321,3
5.3926,-0.68654,-1.8037,3
5.224,-0.8422,-1.963,3
5.2782,-0.74317,-1.9696,3
4.4128,-0.62106,-2.1419,3
5.0713,-0.58653,-1.6555,3
5.0885,-0.58089,-1.8049,3
5.269,-0.61871,-1.7324,3
5.0225,-1.2367,-1.769,1
5.0539,-1.1895,-1.7619,1
5.2887,-0.63523,-1.7174,2
5.1985,-0.5847,-1.7682,2
5.2054,-0.37228,-1.6028,2
4.49,-0.61615,-1.9247,3
4.875,-0.76571,-2.3178,3
5.1217,-1.201,-2.2669,3
5.2076,-1.1737,-2.1908,3
5.0103,-1.1347,-2.2617,3
5.2245,-1.1188,-2.2245,3
5.005,-1.0516,-2.3226,3
4.9977,-1.0564,-2.2702,3
5.0987,-1.1042,-2.2456,3
5.0637,-1.0987,-2.2461,3
5.0959,-1.2263,-2.249,3
4.9975,-0.98736,-2.2411,3
4.9312,-1.7719,-2.3496,3
5.0116,-1.3418,-2.356,3
5.0275,-0.87356,-2.2158,3
5.1007,-0.84456,-2.079,3
4.9999,-1.1718,-2.2527,3
4.9709,-1.1379,-2.2802,3
5.1596,-0.95438,-2.0932,3
5.2702,-0.86499,-2.0028,3
5.2137,-0.6834,-1.8883,3
4.5684,-1.0474,-2.286,3
4.5346,-1.3964,-2.339,3
4.5351,-1.4103,-2.3768,3
4.414,-1.5298,-2.2045,3
4.4671,-1.7016,-2.2051,3
4.476,-1.3777,-2.1529,3
4.525,-1.3565,-2.0999,3
4.5948,-0.96398,-2.0359,3
4.3899,-1.1782,-2.2293,3
4.4508,-1.7221,-2.2569,3
5.3016,-0.92434,-1.6707,1
5.3152,-0.92398,-1.3624,1
5.3233,-0.49212,-1.8037,3
5.3225,-0.61777,-1.8052,3
5.2727,-0.7461,-2.057,3
5.3562,-0.94529,-2.0285,3
5.256,-1.1006,-2.0067,3
5.2568,-1.0548,-2.1023,3
5.1247,-1.0492,-1.9307,3
5.3358,-0.9018,-2.0154,3
5.2118,-1.0593,-1.9606,3
5.1992,-1.3204,-2.0921,3
4.8103,-0.87532,-1.88,3
4.7051,-0.98533,-1.9483,3
4.6712,-1.0619,-2.0081,3
4.8729,-1.3424,-1.922,3
4.7503,-1.0779,-1.9556,3
4.8187,-0.20702,-1.8559,2
4.8547,-0.32008,-1.7679,2
4.6576,-0.10572,-1.7035,2
4.7029,-0.13299,-1.8557,2
4.7398,-0.12143,-1.7719,2
4.8304,-0.27879,-1.7455,2
4.9558,-0.51458,-1.9962,2
4.7876,-0.27271,-1.9827,2
4.6751,-0.11191,-1.9109,2
5.2927,-0.26557,-1.5462,2
5.0962,-0.55864,-1.9176,1
5.1365,-0.80032,-2.0494,1
5.2894,-0.44534,-1.9394,1
5.2288,-0.61491,-1.8641,1
5.0963,-0.37549,-1.898,2
5.0787,-0.28103,-1.8064,2
5.0989,-0.31975,-1.905,2
5.3082,-0.4303,-1.7243,2
5.2333,-0.37864,-1.7476,2
5.2723,-0.36207,-1.7146,2
5.2584,-0.39453,-1.8113,2
5.1255,-0.3914,-1.8758,2
4.7464,-0.26779,-2.0985,1
4.919,-1.0801,-2.1072,1
4.8636,-0.79038,-2.1145,1
5.0741,-0.9447,-2.0294,1
5.1104,-0.77425,-2.0054,1
4.7903,-0.74374,-2.109,1
4.7567,-0.073394,-1.8887,3
4.8304,-0.15168,-2.019,3
4.8403,-0.19514,-1.9334,3
4.7479,-0.09402,-2.0258,3
4.7791,-0.005965,-1.9805,3
4.8246,-0.055142,-2.0037,3
4.6987,0.038504,-2.0179,3
4.6271,-0.039484,-1.911,3
4.648,-0.083325,-2.0663,3
4.7291,-0.005436,-1.8315,3
4.5584,0.018456,-2.0361,3
4.7982,-0.15491,-1.9634,3
4.8167,-0.13574,-2.061,3
5.1083,-0.84519,-1.7573,1
5.2291,-1.0474,-1.7524,1
5.1567,-1.0158,-1.8488,1
5.3817,-0.95848,-1.849,1
5.0586,-0.5919,-1.4285,1
5.2483,-0.58027,-1.7157,2
5.0858,-0.62102,-1.8744,2
4.9321,-0.53199,-1.986,3
4.9513,-0.66881,-2.0297,1
5.2951,-1.3344,-1.9993,3
5.2462,-1.5222,-2.0097,3
5.1385,-1.0422,-1.9648,3
5.2012,-1.0618,-2.0335,3
5.2651,-0.89161,-1.6893,1
5.1433,-0.82418,-1.7668,1
5.0348,-1.048,-1.7461,1
5.3629,-0.57359,-1.6676,2
5.386,-0.45266,-1.6788,2
5.1488,-0.49163,-1.6844,2
5.2977,-0.40585,-1.463,2
5.2067,-0.47812,-1.6015,2
5.3609,-0.50758,-1.475,3
5.3184,-0.40037,-1.3801,2
5.2941,-0.43332,-1.4512,2
5.4461,-0.47811,-1.6635,3
5.3009,-0.46859,-1.6825,3
5.3792,-0.37118,-1.4079,3
5.337,-0.52615,-1.4867,3
4.9705,-0.93983,-2.0507,1
5.0314,-0.60345,-1.9666,1
5.2337,-1.2156,-1.812,2
4.9522,-1.2661,-2.0228,2
5.0716,-1.2724,-2.0056,2
5.1557,-1.1153,-1.9217,2
5.1963,-0.99322,-1.9054,2
4.9517,-0.99861,-1.9866,2
5.0087,-1.2126,-2.1141,2
4.983,-1.1411,-2.025,2
5.2592,-0.98,-1.8898,2
5.2647,-0.70952,-1.593,1
5.1524,-0.7164,-1.4376,1
5.1226,-0.3945,-1.757,2
5.0102,-0.2786,-1.7893,2
5.2883,-0.35516,-1.6264,2
4.9258,-0.25549,-1.6475,2
5.1912,-0.35897,-1.5688,2
5.2736,-0.39142,-1.6437,2
5.1262,-0.22619,-1.5853,2
5.0967,-0.26064,-1.4742,2
5.2358,-0.34122,-1.5697,2
4.9522,-0.1899,-1.346,2
5.132,-0.83581,-1.4613,1
5.2488,-0.8277,-1.5873,1
5.1271,-0.97839,-1.6979,1
5.163,-0.59522,-1.4309,1
5.2038,-0.52664,-1.7513,2
5.2703,-0.41569,-1.6243,2
5.2007,-0.44782,-1.6179,2
5.4014,-0.53999,-1.509,2
5.2233,-0.54012,-1.6722,2
5.2337,-0.55055,-1.5562,2
5.0772,-0.45552,-1.467,2
4.4409,-0.52591,-1.9226,3
4.3727,-0.60588,-1.9994,3
4.5337,-0.62226,-1.9091,3
4.5993,-0.36377,-1.64,3
4.4156,-0.61002,-1.8765,3
4.3092,-0.74076,-2.0458,3
4.2855,-0.46337,-1.9923,3
4.2868,-0.56256,-1.984,3
4.3256,-0.60875,-2.048,3
4.5186,-0.55801,-1.8535,3
4.5058,-0.70111,-1.8828,3
4.3838,-0.62494,-2.0438,3
4.2206,-0.89767,-2.1322,3
4.2344,-0.56044,-1.9792,3
4.301,-1.0467,-2.1778,3
4.266,-0.94239,-2.2005,3
4.3025,-0.87061,-2.1394,3
4.2783,-0.59478,-2.1186,3
4.2357,-0.56526,-2.1643,3
4.2754,-0.81783,-2.1353,3
4.4535,-1.2738,-2.1021,3
5.1894,-1.3576,-2.0882,1
5.0529,-1.2425,-2.1655,1
5.0555,-0.99336,-1.7399,1
4.9713,-0.72218,-1.9243,1
5.3093,-0.96907,-1.8536,1
5.0868,-1.4455,-2.1114,1
5.2456,-1.2285,-2.0581,1
5.1878,-1.1067,-1.9958,1
5.1626,-1.0253,-1.9651,1
5.191,-1.324,-2.0655,1
4.9928,-1.1986,-1.8537,1
5.1786,-1.3089,-1.974,1
5.1753,-1.1238,-2.0047,1
5.1779,-0.97223,-2.0287,1
5.0687,-0.77365,-1.958,1
5.056,-0.7155,-1.9225,1
5.2188,-0.95366,-1.9304,1
5.2733,-0.62671,-1.9276,1
5.2667,-0.54714,-1.9032,1
4.9073,-0.16067,-1.8777,2
5.0646,-0.29174,-1.8942,2
5.1274,-0.53247,-1.955,2
5.1896,-0.30026,-1.7813,2
5.1152,-0.21446,-1.4523,2
5.016,-0.24165,-1.6508,2
5.1182,-0.30531,-1.7183,2
5.2156,-0.31572,-1.7175,2
5.1766,-0.22933,-1.7014,2
5.1717,-0.24589,-1.3608,2
5.2688,-0.23221,-1.3255,2
5.1829,-0.2685,-1.6551,2
5.2045,-1.3137,-1.714,1
5.2619,-0.93828,-1.719,1
5.1724,-1.0329,-2.0312,1
5.2819,-0.67213,-1.6992,1
5.2375,-0.6023,-1.9266,1
5.1227,-0.52955,-1.9803,1
5.3241,-0.7942,-1.9838,1
5.2841,-0.45514,-1.6331,2
5.2023,-0.38058,-1.6808,2
4.9588,-0.88452,-1.9667,2
5.0434,-0.78957,-1.8552,2
5.3166,-0.78587,-1.8121,2
5.1765,-0.78212,-1.82,2
4.8679,-1.1322,-2.2689,3
5.0444,-1.4474,-2.2551,3
4.9274,-1.2604,-2.2607,3
4.9147,-1.3851,-2.2944,3
4.989,-1.2431,-2.1927,3
5.1176,-1.296,-2.1635,3
5.0091,-1.353,-2.177,3
5.0772,-1.6732,-2.2097,3
5.0032,-1.3748,-2.2012,3
4.8914,-1.3165,-2.2486,3
4.8472,-1.4094,-2.2691,3
5.0569,-2.0068,-2.2541,3
5.1175,-1.1976,-2.1064,3
4.9372,-1.2171,-2.2454,3
4.9328,-1.2567,-2.245,3
5.0477,-1.4513,-2.2347,3
5.0262,-1.3397,-2.1929,3
5.0945,-1.2588,-2.1713,3
5.0375,-1.1388,-2.2076,3
5.0731,-1.6027,-2.2533,3
4.8878,-1.1033,-2.2892,3
4.9417,-1.2834,-2.237,3
4.9863,-1.3194,-2.1806,3
5.1866,-0.69825,-1.6943,2
5.2352,-0.63494,-1.6529,2
5.2526,-0.59002,-1.5658,2
5.0547,-0.48974,-1.5623,2
5.1854,-0.29974,-1.5613,2
5.2737,-1.0014,-1.8592,3
5.3554,-0.85016,-1.6707,3
5.2302,-0.80905,-1.6344,3
5.3094,-0.30692,-1.4874,1
5.1663,-0.48655,-1.5329,1
5.2759,-0.54084,-1.7115,1
5.1811,-0.60779,-1.462,1
5.184,-0.77209,-1.7555,1
5.2863,-0.6815,-1.8514,1
5.3041,-0.36072,-1.3497,1
5.3406,-0.65843,-1.2791,1
5.0956,-0.26874,-1.5526,2
5.1539,-0.16297,-1.4705,2
5.124,-0.37066,-1.3627,1
5.1745,-0.29473,-1.3467,1
5.0954,-0.32269,-1.411,1
5.1633,-0.30058,-1.6995,1
5.2817,-0.47042,-1.4878,1
5.1757,-0.6078,-1.4541,1
5.2876,-0.32934,-1.3911,1
5.2706,-0.60498,-1.3297,1
5.2429,-0.87257,-1.5579,1
4.8296,-0.18027,-1.5829,1
5.2757,-0.55391,-1.3601,1
5.1441,-0.65744,-1.5337,1
5.2292,-0.98793,-1.3851,1
5.1606,-0.97113,-1.3938,1
5.0617,-0.54352,-1.8298,2
4.5593,-0.34141,-1.6817,2
4.9449,-0.26865,-1.7658,2
4.9329,-0.32866,-1.9528,2
5.0566,-0.58568,-1.6067,1
5.0312,-0.49514,-1.442,1
5.2912,-0.34326,-1.5345,1
4.9328,-0.41101,-1.7327,1
5.1074,-0.47208,-1.9129,1
5.0453,-0.4451,-1.4884,1
4.8019,-0.097311,-1.7179,2
4.8852,-0.26286,-1.6496,2
4.7968,-0.22916,-1.8175,2
4.8994,-0.17844,-1.8363,2
4.9634,-0.2226,-1.5535,2
4.7866,-0.30557,-2.1374,2
4.8418,-0.14807,-1.7332,2
4.8716,-0.19191,-1.879,2
5.0085,-0.27954,-1.7603,2
5.0539,-0.27503,-1.5624,2
4.9856,-0.43433,-1.8606,2
5.0264,-0.30452,-1.761,2
5.1657,-0.39073,-1.7314,2
5.246,-0.22852,-1.5519,2
5.0562,-0.20522,-1.7874,2
5.1248,-1.5454,-2.0017,1
5.1787,-1.1572,-2.1171,1
5.2938,-1.2847,-2.0095,1
5.2081,-1.2776,-1.8774,1
5.0893,-1.5195,-1.9597,1
5.357,-0.56779,-1.8419,2
5.3962,-0.97207,-1.886,3
5.3546,-0.69784,-1.8643,3
5.3189,-0.77734,-1.7698,3
5.2566,-0.67209,-1.7345,3
5.2626,-0.57379,-1.9383,1
5.1343,-0.59798,-1.5635,1
5.167,-0.71517,-1.8568,2
5.1049,-0.20547,-1.5275,2
5.3263,-0.43334,-1.6347,2
5.3359,-0.3632,-1.4385,2
5.1785,-0.37487,-1.421,2
5.1479,-0.3617,-1.2372,2
4.9196,-0.22432,-1.8059,2
5.2029,-0.36359,-1.618,2
5.2951,-0.4793,-1.4294,2
5.2569,-0.41353,-1.6477,2
5.2034,-0.36901,-1.8293,2
5.1917,-0.32728,-1.6865,3
5.1445,-0.55881,-1.8539,1
5.0185,-1.3312,-1.9698,1
4.9865,-1.3386,-2.0845,1
4.8525,-0.46031,-2.0793,1
4.9832,-0.74793,-1.991,1
5.0627,-0.69954,-2.0322,1
4.8615,-0.093519,-1.6021,2
5.3044,-0.15037,-1.5983,2
4.926,-0.29205,-1.753,2
4.9358,-0.12571,-1.4906,2
5.0584,-0.29148,-1.3995,2
5.0192,-0.066222,-1.1776,2
5.3202,-0.26979,-1.5415,2
5.2248,-0.25272,-1.6371,2
4.9251,-0.020792,-1.5978,2
4.949,-0.004454,-1.6582,2
5.2276,-0.5347,-1.5295,2
5.1597,-0.80238,-1.8982,2
5.0796,-0.80934,-1.9714,2
5.2648,-0.51716,-1.6354,2
5.1479,-0.5738,-1.4852,2
5.2479,-0.40149,-1.6427,2
5.3762,-0.82502,-1.6954,2
5.0015,-0.95518,-2.0052,2
5.0789,-0.70154,-1.9281,2
5.1066,-0.7142,-1.9369,2
5.2654,-0.71081,-1.5508,2
5.3003,-0.32998,-1.4197,2
5.2281,-0.40051,-1.4446,2
5.2312,-0.31322,-1.3054,2
5.138,-0.2973,-1.362,2
5.2414,-0.24833,-1.3253,2
4.9357,-0.17196,-1.4412,2
4.7859,-0.30519,-1.8087,2
5.2089,-0.51403,-1.6027,1
5.3177,-0.66531,-1.3046,1
5.2454,-0.68042,-1.934,1
5.3245,-0.49282,-1.4831,1
5.2049,-0.60689,-1.6055,1
5.3718,-0.68988,-1.7643,1
5.0981,-0.75628,-1.4458,1
5.2125,-0.81655,-1.425,1
5.0224,-0.55714,-1.518,1
5.1039,-1.2522,-1.6704,1
5.2099,-1.2818,-1.5351,1
4.949,-0.28619,-1.8027,2
5.0401,-0.36636,-1.856,2
5.0744,-0.3419,-1.794,2
5.0747,-0.50414,-1.8807,2
5.1097,-0.72303,-1.9581,2
5.0468,-0.25007,-1.6132,2
5.2557,-0.52763,-1.7433,2
5.115,-0.62688,-1.9714,1
5.0578,-2.0906,-2.0325,1
5.0799,-1.5432,-1.9994,1
5.0494,-1.1214,-2.0704,1
5.0727,-1.0068,-2.0843,1
5.1907,-1.1314,-1.9258,1
4.8822,-0.45149,-2.0076,2
5.5196,-0.53416,-1.8093,1
5.2805,-0.65975,-1.954,1
4.988,-0.63813,-2.0587,1
4.8807,-0.60468,-2.2375,1
5.0325,-0.69233,-2.0602,1
4.9913,-0.64243,-1.9936,1
4.9707,-0.065652,-1.6712,2
4.9555,-0.080016,-1.4857,2
5.0034,-0.050883,-1.4851,2
5.0001,-0.1114,-1.7595,2
4.8962,-0.0285,-1.7037,2
4.8759,-0.010759,-1.6828,2
4.9444,-0.23727,-1.6378,2
5.2717,-0.82877,-1.395,1
5.2766,-0.80578,-1.3946,1
5.2764,-0.77872,-1.3959,1
5.1681,-0.73526,-1.5037,1
5.2842,-0.84054,-1.3414,1
5.2982,-0.61489,-1.3124,1
5.278,-0.68203,-1.348,1
5.1754,-0.59979,-1.4224,1
5.2938,-0.78999,-1.3486,1
5.2615,-0.65919,-1.3733,1
5.4056,-0.57921,-1.1958,1
5.3598,-0.38852,-1.1683,1
5.216,-0.41457,-1.6507,2
5.0895,-0.33205,-1.7119,2
5.0304,-0.16527,-1.6706,2
5.1532,-0.3865,-1.7395,2
5.0401,-0.4923,-1.8475,2
5.1424,-0.48714,-1.8142,2
4.9951,-0.81008,-2.1417,1
5.0338,-0.86397,-2.107,1
4.9234,-0.89672,-2.1474,1
5.1262,-0.498,-1.6068,1
4.8846,-0.52244,-2.0559,1
5.0026,-0.47791,-2.0547,1
5.0036,-0.35214,-1.8601,2
4.9965,-0.4303,-1.8901,2
4.8459,-0.30033,-1.7704,2
4.8637,-0.25276,-1.9946,2
4.9797,-0.31521,-1.9131,2
4.7759,-0.30454,-1.7978,2
4.9545,-0.40002,-1.9784,2
4.9179,-0.40982,-1.8868,2
5.1524,-0.99476,-1.5413,1
5.2223,-1.3327,-1.5111,1
5.2092,-0.45388,-1.5608,2
5.2343,-0.39712,-1.6502,2
4.8161,-0.54921,-1.745,2
5.2502,-0.47306,-1.6711,2
5.1267,-0.61949,-1.6758,2
5.1735,-0.39748,-1.9228,2
4.6651,-0.37255,-1.8232,2
4.8916,-0.51692,-1.7566,2
4.7166,-0.34926,-1.9327,2
4.7342,-0.34907,-1.8181,2
4.6978,-0.22429,-1.8061,2
4.6577,-0.29313,-1.963,2
4.9371,-0.3234,-1.8712,2
4.8218,-0.39511,-1.9583,2
5.0991,-1.5362,-1.8358,1
5.0985,-1.14,-1.9648,1
4.8738,-0.98067,-2.2118,1
5.1203,-1.0226,-2.0717,1
5.0708,-1.0494,-2.1254,1
5.0854,-0.50787,-2.1136,1
5.0129,-1.2373,-2.2267,1
4.7171,-0.41966,-2.0294,2
4.8523,-0.48263,-1.9967,2
4.7031,-0.23202,-2.075,2
4.91,-0.48407,-1.6223,2
4.8921,-0.18515,-1.7538,2
4.9639,-0.099794,-1.6809,2
5.1363,-0.18703,-1.4808,2
4.9973,-0.14371,-1.6546,2
4.9446,-0.2622,-1.6827,2
5.06,-0.25614,-1.778,2
4.8599,-0.21602,-1.767,2
4.8685,-0.15721,-1.6098,2
5.1523,-0.40657,-1.9718,1
5.2097,-0.58021,-1.983,1
5.0038,-0.73723,-2.0283,1
4.8838,-0.27922,-2.0989,1
5.1846,-0.885,-2.0387,1
4.9541,-0.27601,-1.9331,1
4.9388,-0.29733,-2.0076,1
4.2477,0.18849,-1.6893,2
4.4814,0.087913,-1.8227,2
4.5648,-0.25618,-1.6408,2
4.5192,0.069903,-1.5998,2
5.1703,-0.93695,-1.9513,1
5.2111,-0.75932,-1.8325,1
4.7657,-0.50926,-1.9909,2
5.0461,-0.72142,-1.9245,2
4.8942,-0.59678,-1.9227,2
4.8718,-0.38509,-1.8029,2
4.861,-0.29062,-1.7552,2
4.8551,-0.17593,-1.7668,2
4.7328,-0.47346,-1.9083,2
4.6826,-0.44564,-1.8766,2
4.7447,-0.39598,-1.8556,2
5.0394,-0.38934,-1.8311,1
5.0429,-0.29212,-1.9209,1
4.9677,-0.86156,-2.0652,2
5.1681,-0.77246,-1.9061,2
5.2388,-0.36176,-1.5009,2
5.277,-0.45044,-1.528,2
5.209,-0.40736,-1.6499,2
5.2885,-0.35101,-1.4591,2
4.685,-0.19157,-1.5308,2
5.0841,-0.7164,-1.8377,2
4.9953,-0.45271,-1.8106,2
5.0465,-0.48421,-1.8545,2
5.1198,-0.95564,-1.8417,2
4.9876,-0.96403,-2.0359,2
5.005,-0.98071,-1.9936,2
4.9782,-0.7188,-1.8289,2
5.0188,-0.81049,-1.7696,2
4.9277,-0.95552,-1.9951,2
4.7108,-0.60807,-1.9282,2
4.896,-0.56128,-1.9471,2
4.9446,-1.1553,-2.0867,2
4.9492,-0.94083,-2.0886,2
4.8825,-1.1583,-2.1715,2
4.9477,-0.45592,-1.7077,2
5.0015,-0.41206,-1.7417,2
4.8626,-0.33072,-1.8209,2
4.8877,-0.2831,-1.7414,2
4.9063,-0.33006,-1.8263,2
4.9816,-0.38147,-1.9141,2
5.1782,-0.68284,-1.7853,2
5.1819,-0.32606,-1.658,2
5.1918,-0.24318,-1.6069,2
5.2209,-0.36809,-1.6639,2
5.0423,-0.43202,-1.8405,2
5.1379,-0.26379,-1.8089,2
5.1654,-0.27336,-1.723,2
5.1198,-0.41814,-1.8717,2
5.0372,-0.4127,-1.8282,2
5.1338,-0.10849,-1.2463,2
5.2076,-0.30607,-1.4981,2
5.1913,-0.37727,-1.6624,2
5.3445,-0.2295,-1.5487,2
5.3043,-0.20748,-1.5369,2
5.39,-0.13955,-1.4702,2
5.1133,-0.43385,-1.6726,2
5.1515,-0.36006,-1.6678,2
5.0592,-0.38744,-1.8398,1
5.2895,-0.33576,-1.803,1
5.4746,-0.35923,-1.6855,1
5.2871,-0.36296,-1.5667,1
5.2727,-0.34393,-1.3671,1
5.1504,-0.03947,-1.5093,2
5.2486,-0.07127,-1.4438,2
5.1366,-0.068421,-1.5214,2
5.0655,-0.08944,-1.6579,2
5.1466,-0.088198,-1.5432,2
5.2434,-0.085858,-1.5648,2
5.2092,-0.10694,-1.641,2
5.3077,-0.6224,-1.8799,1
5.3936,-0.46051,-1.7532,1
5.2016,-0.34321,-1.8314,1
4.9743,-0.13107,-1.7774,1
5.267,-0.41545,-1.7556,1
5.1682,-1.4478,-1.6429,1
5.2396,-0.84335,-1.3254,1
5.1875,-0.95208,-1.4279,1
4.7065,-0.34384,-1.7989,2
4.739,-0.2585,-1.754,2
4.9211,-0.39505,-1.8493,2
5.312,-0.73422,-1.758,2
5.2845,-0.63426,-1.7002,2
5.0942,-0.42424,-1.6231,2
4.7341,-0.47874,-1.7948,2
4.9819,-0.53781,-1.9113,2
5.2164,-0.43413,-1.8436,1
5.181,-0.48886,-1.354,1
5.1039,-0.39888,-1.5122,1
5.1263,-0.37247,-1.8071,2
5.3986,-0.45693,-1.7133,2
5.293,-0.24983,-1.6963,2
4.9998,-0.28064,-1.7567,2
5.2271,-0.8386,-1.349,1
5.1646,-0.95895,-1.4649,1
5.1826,-0.70999,-1.4847,1
5.2797,-0.78155,-1.4009,1
5.3639,-0.76341,-1.2279,1
5.1412,-0.74006,-1.7612,1
5.2144,-0.77038,-1.4713,1
5.218,-0.51126,-1.6864,1
5.0281,-0.94916,-1.7631,1
4.9695,-0.40085,-1.8589,2
5.3268,-0.53665,-1.8732,2
5.1814,-0.56377,-1.9821,2
5.0318,-0.32853,-1.7871,2
5.1322,-0.30841,-1.7364,2
5.0366,-0.1839,-1.7324,2
5.2062,-0.24389,-1.5172,2
5.2625,-0.27104,-1.5456,2
5.2862,-0.59639,-1.4023,1
5.3096,-0.67038,-1.3442,1
5.1087,-0.43016,-1.5769,1
5.3148,-0.56208,-1.3675,1
5.2013,-0.67239,-1.6242,1
5.1683,-0.30634,-1.5437,1
5.1472,-0.42996,-1.7887,2
5.0826,-0.3453,-1.8674,2
5.1386,-0.47644,-1.7987,2
5.1927,-0.31578,-1.5694,2
5.2086,-0.54483,-1.8453,2
4.8603,-0.13062,-1.8517,2
5.3729,-0.40505,-1.7746,1
5.1995,-0.36236,-1.4474,1
5.2472,-0.41929,-1.3625,1
5.2163,-0.4657,-1.8372,1
4.9371,-0.61414,-1.8491,2
4.9854,-0.25093,-1.6309,2
5.1207,-0.37786,-1.7403,2
5.2519,-0.35738,-1.7005,2
5.229,-0.41985,-1.6772,2
4.9194,-0.31457,-1.6644,2
5.0576,-0.25783,-1.3555,1
5.1423,-0.34747,-1.6268,1